[Test]
Point1Tx=6
Point1Ty=4
Point1Tz=8
Point1Rx=8
Point1Ry=8
Point1Rz=2
Point3Tx=4
Point3Ty=9
Point3Tz=7
Point3Rx=2
Point3Ry=2
Point3Rz=10
Point6Tx=4
Point6Ty=5
Point6Tz=7
Point6Rx=7
Point6Ry=10
Point6Rz=2
Point7Tx=1
Point7Ty=4
Point7Tz=0
Point7Rx=6
Point7Ry=2
Point7Rz=5
[Toto]
Point1Tx=720.369934
Point1Ty=-103.825302
Point1Tz=373.419434
Point1Rx=-114.591072
Point1Ry=13.3874922
Point1Rz=-78.3311386
[Positions]
Point14Tx=675.696472
Point14Ty=-286.27597
Point14Tz=117.393143
Point14Rx=68.4434509
Point14Ry=-0.191750199
Point14Rz=90.199585
Point15Tx=838.405884
Point15Ty=-152.418015
Point15Tz=148.964722
Point15Rx=68.4434509
Point15Ry=-0.191750199
Point15Rz=90.199585
Point17Tx=838.405884
Point17Ty=-152.418015
Point17Tz=106.354858
Point17Rx=68.4434509
Point17Ry=-0.191750199
Point17Rz=90.199585
Point16Tx=772.064758
Point16Ty=-400.826019
Point16Tz=168.404984
Point16Rx=68.4434509
Point16Ry=-0.191750199
Point16Rz=90.199585
